shape_id,shape_pt_lat,shape_pt_lon,shape_pt_sequence
5631943370604544,35.172009,138.909348,1
5631943370604544,35.171989,138.909332,2
5631943370604544,35.171951,138.909271,3
5631943370604544,35.171928,138.90921,4
5631943370604544,35.171925,138.909164,5
5631943370604544,35.1719353020368,138.909052520463,6
5631943370604544,35.172222,138.908295,7
5631943370604544,35.1722561845975,138.908287159772,8
5631943370604544,35.1722798416839,138.908297491812,9
5631943370604544,35.1724384145639,138.908376747668,10
5631943370604544,35.1729662388171,138.908632266104,11
5631943370604544,35.173421121639,138.908854160361,12
5631943370604544,35.1743401743026,138.90930140594,13
5631943370604544,35.175655,138.909927,14
5631943370604544,35.1766086886766,138.910401526569,15
5631943370604544,35.177402693063,138.910785268174,16
5631943370604544,35.178398,138.91127,17
5631943370604544,35.1789806654471,138.911551475427,18
5631943370604544,35.1792724450123,138.911680460196,19
5631943370604544,35.1794217769458,138.91177933858,20
5631943370604544,35.1796947510349,138.911909701491,21
5631943370604544,35.1797844220814,138.911968025168,22
5631943370604544,35.1797658141082,138.912021939476,23
5631943370604544,35.1796807246898,138.912082911231,24
5631943370604544,35.1795215010927,138.912210966619,25
5631943370604544,35.1794056139818,138.912358137301,26
5631943370604544,35.1793365341279,138.912494582404,27
5631943370604544,35.1793093373307,138.912585072325,28
5631943370604544,35.1792527354872,138.912808065795,29
5631943370604544,35.179028953448,138.913742172345,30
5631943370604544,35.1788910951531,138.914374000959,31
5631943370604544,35.1787971412879,138.915103612075,32
5631943370604544,35.1786777478315,138.916012514274,33
5631943370604544,35.1785794783748,138.916782505604,34
5631943370604544,35.1785725095233,138.917193048689,35
5631943370604544,35.1785505227294,138.91784310503,36
5631943370604544,35.1784774678992,138.918549545611,37
5631943370604544,35.1784707586411,138.918752942434,38
5631943370604544,35.1784903459476,138.918948488003,39
5631943370604544,35.178521247929,138.919205492434,40
5631943370604544,35.1785332854866,138.919528070736,41
5631943370604544,35.1785511523363,138.919964316358,42
5631943370604544,35.1785539395561,138.920154881438,43
5631943370604544,35.1785559422605,138.920234166332,44
5631943370604544,35.1785121094425,138.920273838302,45
5631943370604544,35.178177680252,138.920284661768,46
5631943370604544,35.1776475300577,138.920255522366,47
5631943370604544,35.1772619481421,138.92022783646,48
5631943370604544,35.177048,138.920181,49
5631943370604544,35.1768046871559,138.920098201037,50
5631943370604544,35.1761397371844,138.919806629654,51
5631943370604544,35.1756536398795,138.919628519316,52
5631943370604544,35.1748333975943,138.919367430733,53
5631943370604544,35.1746872835143,138.919329674045,54
5631943370604544,35.1745560436368,138.9193374711,55
5631943370604544,35.1743812772311,138.919377039039,56
5631943370604544,35.1741792150482,138.919461101624,57
5631943370604544,35.1738798386618,138.919633685007,58
5631943370604544,35.1734739504327,138.919879566102,59
5631943370604544,35.1732400934719,138.920040549116,60
5631943370604544,35.1729529135732,138.920215021556,61
5631943370604544,35.1727796670004,138.920307853424,62
5631943370604544,35.1727055261919,138.920382318019,63
5631943370604544,35.1726959394869,138.920594785642,64
5631943370604544,35.1727976549027,138.921083767814,65
5631943370604544,35.1730077709086,138.922298919474,66
5631943370604544,35.1730688591808,138.922618045862,67
5631943370604544,35.1731095847828,138.92275883574,68
5631943370604544,35.1731682889112,138.922865378743,69
5631943370604544,35.1735067344315,138.923261549293,70
5631943370604544,35.1738693329435,138.923723419981,71
5631943370604544,35.1745777470752,138.924588055888,72
5631943370604544,35.174991230495,138.92502586195,73
5631943370604544,35.1754915737708,138.92573197172,74
5631943370604544,35.1756408890206,138.926021062028,75
5631943370604544,35.1758792154702,138.926568255668,76
5631943370604544,35.1764112850199,138.927684862056,77
5631943370604544,35.1764860522547,138.927851329848,78
5631943370604544,35.1765488067524,138.927925626386,79
5631943370604544,35.1768893858677,138.928082937097,80
5631943370604544,35.1769500464039,138.928112545715,81
5631943370604544,35.1769790148744,138.928173657807,82
5631943370604544,35.1770879825299,138.928864562722,83
5631943370604544,35.1772944297268,138.929444378324,84
5631943370604544,35.1773437983937,138.929502492192,85
5631943370604544,35.1776417694196,138.929644992364,86
5631943370604544,35.1777456477855,138.929712174821,87
5631943370604544,35.1778127566169,138.929828237609,88
5631943370604544,35.1779492131275,138.930130770988,89
5631943370604544,35.1786792310494,138.931874737014,90
5631943370604544,35.1794955804338,138.933856088373,91
5631943370604544,35.1798862885287,138.93480041824,92
5704837555552256,35.1798753635437,138.934798787767,1
5704837555552256,35.1799501524229,138.934976683711,2
5704837555552256,35.1799395344776,138.935005956132,3
5704837555552256,35.1794605165142,138.935367990168,4
5704837555552256,35.1793975919762,138.9353635529,5
5704837555552256,35.1793438555736,138.935332815906,6
5704837555552256,35.1787039447108,138.933741228209,7
5704837555552256,35.1783713174216,138.933190463458,8
5704837555552256,35.1783487313677,138.933128671848,9
5704837555552256,35.1783798208925,138.933085720638,10
5704837555552256,35.1789689956518,138.932740632342,11
5704837555552256,35.1789690139719,138.932659525039,12
5704837555552256,35.1784802043306,138.931462136009,13
5704837555552256,35.1777566860637,138.929765662385,14
5704837555552256,35.1777091851086,138.929724525467,15
5704837555552256,35.1773548853146,138.929545222827,16
5704837555552256,35.1772964170117,138.929488322839,17
5704837555552256,35.1772518970462,138.929416956928,18
5704837555552256,35.1770594968652,138.928847762222,19
5704837555552256,35.1770133067128,138.928583535489,20
5704837555552256,35.1769603044483,138.928234249253,21
5704837555552256,35.1769115406397,138.928133747653,22
5704837555552256,35.1765054818353,138.927918983243,23
5704837555552256,35.1764453003863,138.927824872173,24
5704837555552256,35.1759009110055,138.926683960453,25
5704837555552256,35.1756022660734,138.926000612558,26
5704837555552256,35.1754611563085,138.925738703637,27
5704837555552256,35.1749102392797,138.924984344491,28
5704837555552256,35.1744963445784,138.92454128656,29
5704837555552256,35.1738451446631,138.923733080949,30
5704837555552256,35.1731289961889,138.92284852182,31
5704837555552256,35.1730583809696,138.922748031928,32
5704837555552256,35.1730438896056,138.922626343103,33
5704837555552256,35.1728688295636,138.921585909573,34
5704837555552256,35.1726491528247,138.920457949838,35
5704837555552256,35.1726770986539,138.920361104503,36
5704837555552256,35.1727686180502,138.920274674314,37
5704837555552256,35.1736000153864,138.919769646245,38
5704837555552256,35.1739542053377,138.919554419335,39
5704837555552256,35.1741419576346,138.919450810283,40
5704837555552256,35.1742931801938,138.919375537153,41
5704837555552256,35.1744097005686,138.919331150094,42
5704837555552256,35.1745279222412,138.919308283743,43
5704837555552256,35.1746722887923,138.91929749119,44
5704837555552256,35.1748279667143,138.919329002789,45
5704837555552256,35.1752386925913,138.9194675683,46
5704837555552256,35.1759072794519,138.91968671086,47
5704837555552256,35.1762068781867,138.91980622825,48
5704837555552256,35.1764266764742,138.919903299562,49
5704837555552256,35.1769233342823,138.920102305689,50
5704837555552256,35.1771861320407,138.920175992627,51
5704837555552256,35.1774216322816,138.92020928664,52
5704837555552256,35.1780447350975,138.920251532946,53
5704837555552256,35.1783009262385,138.920250566207,54
5704837555552256,35.1784742982612,138.920227374159,55
5704837555552256,35.1785185662257,138.92021022544,56
5704837555552256,35.1785322498886,138.920127089473,57
5704837555552256,35.1784998643647,138.919204400443,58
5704837555552256,35.1784448800608,138.918793446785,59
5704837555552256,35.1784451866313,138.91866131571,60
5704837555552256,35.178524,138.917862,61
5704837555552256,35.178547,138.917145,62
5704837555552256,35.17857,138.916672,63
5704837555552256,35.1788802068173,138.914264072205,64
5704837555552256,35.1792077704583,138.912895805954,65
5704837555552256,35.1793134261959,138.912468458981,66
5704837555552256,35.1793826305118,138.912352147696,67
5704837555552256,35.179474539956,138.912210108733,68
5704837555552256,35.1796478962147,138.912077834137,69
5704837555552256,35.1796991139409,138.912002850841,70
5704837555552256,35.1796887667869,138.911939779026,71
5704837555552256,35.1791287495423,138.911654115273,72
5704837555552256,35.172318591166,138.908352959525,73
5704837555552256,35.1722538346003,138.908327192317,74
5704837555552256,35.1722272506996,138.908352956123,75
5704837555552256,35.1719680366372,138.909047588253,76
5704837555552256,35.1721419991866,138.909234784628,77
5704837555552256,35.1720477645244,138.909321665385,78
5681717746597888,35.172009,138.909348,1
5681717746597888,35.171989,138.909332,2
5681717746597888,35.171951,138.909271,3
5681717746597888,35.171928,138.90921,4
5681717746597888,35.171925,138.909164,5
5681717746597888,35.1719353020368,138.909052520463,6
5681717746597888,35.172222,138.908295,7
5681717746597888,35.1722561845975,138.908287159772,8
5681717746597888,35.1722798416839,138.908297491812,9
5681717746597888,35.1724384145639,138.908376747668,10
5681717746597888,35.1729662388171,138.908632266104,11
5681717746597888,35.173421121639,138.908854160361,12
5681717746597888,35.1743401743026,138.90930140594,13
5681717746597888,35.175655,138.909927,14
5681717746597888,35.1766086886766,138.910401526569,15
5681717746597888,35.177402693063,138.910785268174,16
5681717746597888,35.178398,138.91127,17
5681717746597888,35.1789806654471,138.911551475427,18
5681717746597888,35.1792724450123,138.911680460196,19
5681717746597888,35.1794217769458,138.91177933858,20
5681717746597888,35.1796947510349,138.911909701491,21
5681717746597888,35.1797844220814,138.911968025168,22
5681717746597888,35.1797658141082,138.912021939476,23
5681717746597888,35.1796807246898,138.912082911231,24
5681717746597888,35.1795215010927,138.912210966619,25
5681717746597888,35.1794056139818,138.912358137301,26
5681717746597888,35.1793365341279,138.912494582404,27
5681717746597888,35.1793093373307,138.912585072325,28
5681717746597888,35.1792527354872,138.912808065795,29
5681717746597888,35.179028953448,138.913742172345,30
5681717746597888,35.1788910951531,138.914374000959,31
5681717746597888,35.1787971412879,138.915103612075,32
5681717746597888,35.1786777478315,138.916012514274,33
5681717746597888,35.1785794783748,138.916782505604,34
5681717746597888,35.1785725095233,138.917193048689,35
5681717746597888,35.1785505227294,138.91784310503,36
5681717746597888,35.1784774678992,138.918549545611,37
5681717746597888,35.1784707586411,138.918752942434,38
5681717746597888,35.1784903459476,138.918948488003,39
5681717746597888,35.178521247929,138.919205492434,40
5681717746597888,35.1785332854866,138.919528070736,41
5681717746597888,35.1785511523363,138.919964316358,42
5681717746597888,35.1785539395561,138.920154881438,43
5681717746597888,35.1785559422605,138.920234166332,44
5681717746597888,35.1785121094425,138.920273838302,45
5681717746597888,35.178177680252,138.920284661768,46
5681717746597888,35.1776475300577,138.920255522366,47
5681717746597888,35.1772619481421,138.92022783646,48
5681717746597888,35.177048,138.920181,49
5681717746597888,35.1768046871559,138.920098201037,50
5681717746597888,35.1761397371844,138.919806629654,51
5681717746597888,35.1756536398795,138.919628519316,52
5681717746597888,35.1748333975943,138.919367430733,53
5681717746597888,35.1746872835143,138.919329674045,54
5681717746597888,35.1745560436368,138.9193374711,55
5681717746597888,35.1743812772311,138.919377039039,56
5681717746597888,35.1741792150482,138.919461101624,57
5681717746597888,35.1738798386618,138.919633685007,58
5681717746597888,35.1734739504327,138.919879566102,59
5681717746597888,35.1732400934719,138.920040549116,60
5681717746597888,35.1729529135732,138.920215021556,61
5681717746597888,35.1727796670004,138.920307853424,62
5681717746597888,35.1727055261919,138.920382318019,63
5681717746597888,35.1726959394869,138.920594785642,64
5681717746597888,35.1727976549027,138.921083767814,65
5681717746597888,35.1730077709086,138.922298919474,66
5681717746597888,35.1730688591808,138.922618045862,67
5681717746597888,35.1731095847828,138.92275883574,68
5681717746597888,35.1731682889112,138.922865378743,69
5681717746597888,35.1735067344315,138.923261549293,70
5681717746597888,35.1738693329435,138.923723419981,71
5681717746597888,35.1745777470752,138.924588055888,72
5681717746597888,35.174991230495,138.92502586195,73
5681717746597888,35.1754915737708,138.92573197172,74
5681717746597888,35.1756408890206,138.926021062028,75
5681717746597888,35.1758792154702,138.926568255668,76
5681717746597888,35.1764112850199,138.927684862056,77
5681717746597888,35.1764860522547,138.927851329848,78
5681717746597888,35.1765488067524,138.927925626386,79
5681717746597888,35.1768893858677,138.928082937097,80
5681717746597888,35.1769500464039,138.928112545715,81
5681717746597888,35.1769790148744,138.928173657807,82
5681717746597888,35.1770879825299,138.928864562722,83
5681717746597888,35.1772944297268,138.929444378324,84
5681717746597888,35.1773437983937,138.929502492192,85
5681717746597888,35.1776417694196,138.929644992364,86
5681717746597888,35.1777456477855,138.929712174821,87
5681717746597888,35.1778127566169,138.929828237609,88
5681717746597888,35.1779492131275,138.930130770988,89
5681717746597888,35.1786792310494,138.931874737014,90
5681717746597888,35.1794955804338,138.933856088373,91
5681717746597888,35.1799495425727,138.934947660559,92
5681717746597888,35.1799513075997,138.9349795808,93
5681717746597888,35.1799445576154,138.935013780328,94
5681717746597888,35.1795058826508,138.935348302083,95
5681717746597888,35.1794152580726,138.935376062532,96
5681717746597888,35.1793543543489,138.935344779155,97
5681717746597888,35.1787692660383,138.933907248607,98
5681717746597888,35.1786883496726,138.933695786744,99
5681717746597888,35.1783460534197,138.933161579055,100
5681717746597888,35.1783439466262,138.933115656063,101
5681717746597888,35.1783689883512,138.933090477918,102
5681717746597888,35.1789693598448,138.932730392587,103
5681717746597888,35.1789879794339,138.932691207091,104
5681717746597888,35.178259333046,138.930921887015,105
5681717746597888,35.1778067572246,138.929866650596,106
5681717746597888,35.1777471927473,138.929763873189,107
5681717746597888,35.1776813396963,138.929703669945,108
5681717746597888,35.177363505559,138.929551505792,109
5681717746597888,35.1772891054336,138.929489759929,110
5681717746597888,35.1772372144494,138.929376030551,111
5681717746597888,35.1770665820661,138.928881631009,112
5681717746597888,35.1769871827383,138.928423541266,113
5681717746597888,35.1769611312495,138.928251964781,114
5681717746597888,35.1769347153762,138.928158968109,115
5681717746597888,35.1768858669527,138.928111594869,116
5681717746597888,35.1765685986249,138.927967599971,117
5681717746597888,35.1764875065225,138.927905120483,118
5681717746597888,35.176448595964,138.927853035705,119
5681717746597888,35.1762424240968,138.92740759483,120
5681717746597888,35.1759929706518,138.926900684515,121
5681717746597888,35.1757625301977,138.926364188435,122
5681717746597888,35.1755854324653,138.925975448228,123
5681717746597888,35.1754684764769,138.925758474791,124
5681717746597888,35.1750665086134,138.925178766856,125
5681717746597888,35.1748892254518,138.924981212651,126
5681717746597888,35.1742385633873,138.924228140639,127
5681717746597888,35.173743303935,138.92360641036,128
5681717746597888,35.1732248159481,138.922972846841,129
5681717746597888,35.1731090621751,138.922819914396,130
5681717746597888,35.1730423855103,138.922632082147,131
5681717746597888,35.1729145972592,138.921871932902,132
5681717746597888,35.1727697290478,138.921064750327,133
5681717746597888,35.17265112506,138.92047864553,134
5681717746597888,35.1726379293371,138.92041379674,135
5681717746597888,35.1725883231808,138.920374971626,136
5681717746597888,35.1724491582972,138.920399673441,137
5681717746597888,35.1722411903295,138.920399348371,138
5681717746597888,35.171914039031,138.920371280591,139
5681717746597888,35.1715572453492,138.920328635571,140
5681717746597888,35.1712696059371,138.920225270856,141
5681717746597888,35.1708616539849,138.919968304645,142
5681717746597888,35.1703368126005,138.919546783092,143
5681717746597888,35.170204890849,138.91943304054,144
5681717746597888,35.1700884140736,138.919302143623,145
5681717746597888,35.1699798617213,138.919138819188,146
5681717746597888,35.1699032352422,138.918958623036,147
5681717746597888,35.1698247242489,138.918691811361,148
5681717746597888,35.1696779662372,138.918130224713,149
5681717746597888,35.1696106329494,138.917924709559,150
5681717746597888,35.1695323422993,138.91777929924,151
5681717746597888,35.1694541877326,138.917692237254,152
5681717746597888,35.1693537211049,138.917596395573,153
5681717746597888,35.1692018779571,138.917522272308,154
5681717746597888,35.1690346874395,138.917474485708,155
5681717746597888,35.1687235855589,138.917455395984,156
5681717746597888,35.1668451287252,138.917366699491,157
5681717746597888,35.1665496193908,138.91730465866,158
5681717746597888,35.1662668013699,138.917137099205,159
5681717746597888,35.1660466238872,138.916901654346,160
5681717746597888,35.1658756205664,138.916631468424,161
5681717746597888,35.1657730397069,138.916341559601,162
5681717746597888,35.165735684984,138.916087623755,163
5681717746597888,35.1657254403891,138.915876898039,164
5681717746597888,35.1657444693874,138.915374885971,165
5681717746597888,35.1658114240883,138.913585007514,166
5681717746597888,35.1657973641604,138.913335698911,167
5681717746597888,35.1657386437215,138.913089104216,168
5681717746597888,35.1656634408354,138.912906523714,169
5681717746597888,35.1652864190705,138.912166250156,170
5681717746597888,35.1651035561782,138.911839780912,171
5681717746597888,35.1649139287358,138.911533481357,172
5681717746597888,35.1646946729682,138.911244851237,173
5681717746597888,35.1644028838978,138.910862001628,174
5681717746597888,35.1642396008496,138.91065953727,175
5681717746597888,35.1641666611871,138.910508279865,176
5681717746597888,35.1641682950733,138.910409349925,177
5681717746597888,35.1642196701853,138.909879592259,178
5681717746597888,35.164406,138.908279,179
5681717746597888,35.1644616864196,138.908073973865,180
5681717746597888,35.1644975068993,138.907943376255,181
5681717746597888,35.1645977739804,138.907700602482,182
5681717746597888,35.164720299726,138.90757668125,183
5681717746597888,35.1647898065091,138.907549853075,184
5681717746597888,35.1648869086618,138.90760303174,185
5681717746597888,35.1650187331766,138.907631140314,186
5681717746597888,35.165190944763,138.907637211253,187
5681717746597888,35.1653750166458,138.90760360885,188
5681717746597888,35.1661330408206,138.907198880537,189
5681717746597888,35.1666982685068,138.906950808104,190
5681717746597888,35.166961780087,138.906831470302,191
5681717746597888,35.1671313761682,138.906820996326,192
5681717746597888,35.1673273257163,138.906841888877,193
5681717746597888,35.1688582691159,138.907050104732,194
5681717746597888,35.1695798123111,138.907163518338,195
5681717746597888,35.1697824444509,138.907227826318,196
5681717746597888,35.1712926024366,138.907879872915,197
5681717746597888,35.1722216809297,138.908266978056,198
5681717746597888,35.1722371344519,138.908323883763,199
5681717746597888,35.171974,138.909012,200
5681717746597888,35.1719736784253,138.909050320605,201
5681717746597888,35.1721551197134,138.909206816301,202
5681717746597888,35.1720845875503,138.909330423442,203
5728116278296576,35.1720190676367,138.909338016105,1
5728116278296576,35.1719455843622,138.909235378487,2
5728116278296576,35.1719469055077,138.909011960089,3
5728116278296576,35.1722110771183,138.908303562144,4
5728116278296576,35.1723833206933,138.907891088282,5
5728116278296576,35.1731120483565,138.905982413986,6
5728116278296576,35.1731669110755,138.905822465677,7
5728116278296576,35.1732300394181,138.905768800195,8
5728116278296576,35.1735490092212,138.905804028638,9
5728116278296576,35.1738008818934,138.905861627408,10
5728116278296576,35.1740925610749,138.905962708924,11
5728116278296576,35.1743135159567,138.906069634738,12
5728116278296576,35.1747365511234,138.906301514579,13
5728116278296576,35.1751591117072,138.906478568917,14
5728116278296576,35.1758453900975,138.906643664217,15
5728116278296576,35.176449,138.906784,16
5728116278296576,35.176552,138.906799,17
5728116278296576,35.176651,138.906799,18
5728116278296576,35.176821166514,138.906798050901,19
5728116278296576,35.1774394069293,138.906713981068,20
5728116278296576,35.1775526403888,138.90668423207,21
5728116278296576,35.1777248533852,138.906612502642,22
5728116278296576,35.1785059058065,138.906222441776,23
5728116278296576,35.1786868019597,138.906138741993,24
5728116278296576,35.1788483032341,138.906101317227,25
5728116278296576,35.1790628065393,138.90608727877,26
5728116278296576,35.1791451266215,138.906103004163,27
5728116278296576,35.1792709129253,138.906149121051,28
5728116278296576,35.1794226543756,138.906248625181,29
5728116278296576,35.1795907965803,138.906325415172,30
5728116278296576,35.1799999774895,138.906438734704,31
5728116278296576,35.18005,138.906464,32
5728116278296576,35.1800898750489,138.906456111976,33
5728116278296576,35.1810672570603,138.906025999476,34
5728116278296576,35.1812677460467,138.905966491051,35
5728116278296576,35.1813267763248,138.905928185821,36
5728116278296576,35.181340914826,138.905888461187,37
5728116278296576,35.1813455236465,138.905057286702,38
5728116278296576,35.1813112859978,138.904423891441,39
5728116278296576,35.1813067715542,138.903900743014,40
5728116278296576,35.181346265289,138.903210448693,41
5728116278296576,35.1813569434915,138.903122731637,42
5728116278296576,35.1814357703457,138.903103863743,43
5728116278296576,35.1817785487871,138.903296311514,44
5728116278296576,35.1821194373133,138.903421066421,45
5728116278296576,35.1824308478565,138.903593118641,46
5728116278296576,35.1825629916004,138.903631358379,47
5728116278296576,35.1826985440025,138.903618595525,48
5728116278296576,35.182841911439,138.903554539576,49
5728116278296576,35.1830522147937,138.903398332641,50
5728116278296576,35.1831260509993,138.903383742878,51
5728116278296576,35.1834814978128,138.90351209329,52
5728116278296576,35.1836662320716,138.903596126005,53
5728116278296576,35.1840879885571,138.903788469031,54
5728116278296576,35.1851068678208,138.904427261861,55
5728116278296576,35.1851757162642,138.904414250308,56
5728116278296576,35.1852465332555,138.904307949151,57
5728116278296576,35.1854947912799,138.90372015526,58
5728116278296576,35.1856912107334,138.903233366079,59
5728116278296576,35.1858795491057,138.902906938498,60
5728116278296576,35.1862063251519,138.902471308343,61
5728116278296576,35.186266430725,138.90242947855,62
5728116278296576,35.186328268923,138.90242703185,63
5728116278296576,35.1865832683698,138.902619257186,64
5728116278296576,35.186818970702,138.902817887411,65
5728116278296576,35.18687447029,138.902792041047,66
5728116278296576,35.1869354056616,138.902708840117,67
5728116278296576,35.1870195499907,138.902669830898,68
5728116278296576,35.1871022944679,138.902667877819,69
5728116278296576,35.1872950099484,138.902857738372,70
5728116278296576,35.187489,138.903076,71
5728116278296576,35.1878009819261,138.903476721761,72
5728116278296576,35.1884267926448,138.904355959655,73
5728116278296576,35.188584482155,138.904524172946,74
5728116278296576,35.1889907196422,138.905029812053,75
5728116278296576,35.1892730755831,138.905385734809,76
5728116278296576,35.1898033793107,138.906080118808,77
5728116278296576,35.1903968417592,138.906760799108,78
5728116278296576,35.1904461913522,138.906780673261,79
5728116278296576,35.190483026793,138.906771389653,80
5728116278296576,35.1905785113193,138.906730443179,81
5728116278296576,35.1909919535063,138.906514653005,82
5728116278296576,35.1911317845772,138.906450558205,83
5728116278296576,35.191213442456,138.906438500927,84
5728116278296576,35.1913480209997,138.906494340605,85
5728116278296576,35.1913995638991,138.906552286235,86
5728116278296576,35.1918426925415,138.907120013701,87
5728116278296576,35.1920019639356,138.907263423326,88
5728116278296576,35.1923263474381,138.90745796066,89
5728116278296576,35.1924602233149,138.907495851937,90
5728116278296576,35.1925654722565,138.907516584492,91
5728116278296576,35.193292013754,138.907465548857,92
5728116278296576,35.1934689969351,138.907451121523,93
5728116278296576,35.193594894312,138.907465560129,94
5728116278296576,35.1940097633781,138.90763307114,95
5728116278296576,35.1945410373622,138.907822009607,96
5728116278296576,35.1949351587723,138.907974306207,97
5728116278296576,35.1952756118576,138.908103770996,98
5728116278296576,35.1954457222723,138.908150526697,99
5728116278296576,35.195648,138.908157,100
5728116278296576,35.1957537829803,138.908121193267,101
5728116278296576,35.1959573872802,138.908039377146,102
5728116278296576,35.196049,138.90799,103
5728116278296576,35.1961016650275,138.907968917999,104
5728116278296576,35.1962077254088,138.907931925792,105
5728116278296576,35.1962381979735,138.907855393286,106
5728116278296576,35.1962808707957,138.907718136325,107
5728116278296576,35.1965849288038,138.906804873356,108
5728116278296576,35.196701,138.906525,109
5728116278296576,35.196887179376,138.906144724913,110
5728116278296576,35.1975764702176,138.90497950441,111
5728116278296576,35.1977664112703,138.904608905629,112
5728116278296576,35.1979071021942,138.904258028493,113
5728116278296576,35.1979934346428,138.903954742791,114
5728116278296576,35.1980743153871,138.903504281486,115
5728116278296576,35.1980955465589,138.903213471877,116
5728116278296576,35.1981438128324,138.903157670374,117
5728116278296576,35.1982068212288,138.903113545641,118
5728116278296576,35.1983167017564,138.902919920824,119
5728116278296576,35.1984132410211,138.902873174841,120
5728116278296576,35.1985616280873,138.902815472186,121
5728116278296576,35.198875,138.90274,122
5728116278296576,35.1998092969335,138.902669418895,123
5728116278296576,35.1998430776035,138.902703268188,124
5728116278296576,35.2001777697226,138.902998133814,125
5728116278296576,35.2003167653135,138.903111189552,126
5728116278296576,35.2006612941362,138.90329241557,127
5728116278296576,35.2010085845458,138.903470323471,128
5728116278296576,35.2016550891298,138.903786092711,129
5728116278296576,35.2019373133762,138.903921554237,130
5728116278296576,35.2019494588481,138.903958514771,131
5728116278296576,35.2018575181745,138.904188339838,132
5728116278296576,35.2018130533837,138.904277426276,133
5728116278296576,35.2017707149407,138.904332870259,134
5728116278296576,35.2016969993518,138.904385549801,135
5728116278296576,35.2014808378734,138.904726558042,136
5728116278296576,35.201253516694,138.905154960615,137
5728116278296576,35.2012022749029,138.905398869107,138
5728116278296576,35.2011824979015,138.905621380155,139
5728116278296576,35.201109926617,138.905860915643,140
5728116278296576,35.201012,138.906021,141
5728116278296576,35.2009535878476,138.906122481639,142
5728116278296576,35.200844837412,138.906258867475,143
5728116278296576,35.200809,138.906281,144
5728116278296576,35.200794,138.906326,145
5728116278296576,35.2007944649642,138.906358280941,146
5728116278296576,35.2008400607669,138.906571368098,147
5728116278296576,35.2008796418234,138.906800084313,148
5728116278296576,35.2008792610689,138.907159120129,149
5728116278296576,35.2008640138413,138.907453849633,150
5728116278296576,35.200844685107,138.908029696716,151
5728116278296576,35.2008589007249,138.908313506238,152
5728116278296576,35.2008526667655,138.908576269185,153
5728116278296576,35.2008433757032,138.908690638986,154
5728116278296576,35.2007310197797,138.909182468658,155
5728116278296576,35.2004989578316,138.910165278258,156
5728116278296576,35.200478,138.910324,157
5728116278296576,35.200474,138.910461,158
5728116278296576,35.2005233297039,138.910798102999,159
5728116278296576,35.2005161092891,138.910979176564,160
5728116278296576,35.2004197969647,138.911647139896,161
5728116278296576,35.2004038062027,138.91174464837,162
5728116278296576,35.200352,138.911804,163
5728116278296576,35.2002924111194,138.911822564931,164
5728116278296576,35.2002126450683,138.911782279458,165
5728116278296576,35.1986210049183,138.910399566014,166
5728116278296576,35.1983283378533,138.910170938429,167
5728116278296576,35.1980357106879,138.909940532825,168
5728116278296576,35.1978599536755,138.909831394221,169
5728116278296576,35.1976084445892,138.909698942146,170
5728116278296576,35.1973100248656,138.909575020069,171
5728116278296576,35.1968800545397,138.909463819862,172
5728116278296576,35.1965186825897,138.909408203016,173
5728116278296576,35.1959481957484,138.909390465503,174
5728116278296576,35.1958693032007,138.909401361037,175
5728116278296576,35.1958278844633,138.909469615507,176
5728116278296576,35.1954392289328,138.910825254822,177
5728116278296576,35.195351,138.91124,178
5728116278296576,35.195316,138.911652,179
5728116278296576,35.1953215014321,138.912537310445,180
5728116278296576,35.1953291063113,138.913420178328,181
5728116278296576,35.1953502553307,138.913477434439,182
5728116278296576,35.1953883667138,138.913500397464,183
5728116278296576,35.1954382591617,138.913499631852,184
5728116278296576,35.1957220272778,138.913513835497,185
5728116278296576,35.1960822112425,138.913582568366,186
5728116278296576,35.1963156593308,138.913651849794,187
5728116278296576,35.1965463999716,138.913761155742,188
5728116278296576,35.1978761826779,138.914429709657,189
5728116278296576,35.197941,138.914444,190
5728116278296576,35.19796,138.914398,191
5728116278296576,35.197968,138.914352,192
5728116278296576,35.1980438187574,138.913783573765,193
5728116278296576,35.1980851792391,138.913783171296,194
5728116278296576,35.1979914247023,138.914423984769,195
5728116278296576,35.1979676856796,138.914508363727,196
5728116278296576,35.1978911780682,138.914502802003,197
5728116278296576,35.1964772503666,138.913754629329,198
5728116278296576,35.1962465862109,138.913669682225,199
5728116278296576,35.195957,138.913605,200
5728116278296576,35.1959038581223,138.913601632093,201
5728116278296576,35.1954445466056,138.913572383043,202
5728116278296576,35.195393,138.913589,203
5728116278296576,35.195358,138.91362,204
5728116278296576,35.195335,138.913651,205
5728116278296576,35.1953198001728,138.915181365919,206
5728116278296576,35.1953329068192,138.917483293396,207
5728116278296576,35.1953352099807,138.91868771191,208
5728116278296576,35.1953335372701,138.918927403848,209
5728116278296576,35.1952952558212,138.919493883329,210
5728116278296576,35.1952055973009,138.920016595161,211
5728116278296576,35.1950717783635,138.920497395736,212
5728116278296576,35.195034,138.920609,213
5728116278296576,35.1949470861335,138.920825617428,214
5728116278296576,35.1942050197417,138.922591765479,215
5728116278296576,35.1941758413486,138.922684105806,216
5728116278296576,35.1941356501381,138.922711785793,217
5728116278296576,35.1940947723447,138.922708421737,218
5728116278296576,35.1933846711522,138.922281312648,219
5728116278296576,35.1931530233144,138.922160917415,220
5728116278296576,35.1929597199987,138.922142497257,221
5728116278296576,35.1929054030078,138.922130820009,222
5728116278296576,35.1928989197295,138.922058728663,223
5728116278296576,35.1928950641281,138.921836264906,224
5728116278296576,35.1928429355952,138.921612474876,225
5728116278296576,35.1927118020204,138.921211920528,226
5728116278296576,35.192726,138.921143,227
5728116278296576,35.1927492716075,138.921091548864,228
5728116278296576,35.1928080208838,138.920967836835,229
5728116278296576,35.192822279206,138.920718400827,230
5728116278296576,35.1928473149288,138.919992722039,231
5728116278296576,35.1928986871051,138.918994543339,232
5728116278296576,35.1929586872154,138.918185753167,233
5728116278296576,35.192954227813,138.918150617352,234
5728116278296576,35.1929131964155,138.918143126817,235
5728116278296576,35.1920805553702,138.918257974145,236
5728116278296576,35.1920289978496,138.918259752291,237
5728116278296576,35.1919637631347,138.918249686423,238
5728116278296576,35.1914432907311,138.918065312403,239
5728116278296576,35.1913410247428,138.918036963533,240
5728116278296576,35.1912633566682,138.918028418847,241
5728116278296576,35.1907525502466,138.918091468566,242
5728116278296576,35.1906661474968,138.918089903697,243
5728116278296576,35.1905135766965,138.918063487196,244
5728116278296576,35.1903024751448,138.917985535912,245
5728116278296576,35.190168074984,138.917944872902,246
5728116278296576,35.1899725443153,138.917821231336,247
5728116278296576,35.1895080335401,138.917260984059,248
5728116278296576,35.1893037764275,138.91707180224,249
5728116278296576,35.1889936557568,138.91687571778,250
5728116278296576,35.1886565544958,138.916700416895,251
5728116278296576,35.1883118929892,138.916578488084,252
5728116278296576,35.1881214994175,138.916534044644,253
5728116278296576,35.187885,138.916565,254
5728116278296576,35.187798,138.91658,255
5728116278296576,35.1873202651164,138.916648080667,256
5728116278296576,35.186956913464,138.916689041722,257
5728116278296576,35.1868559326823,138.916669299901,258
5728116278296576,35.1864015607866,138.916458094049,259
5728116278296576,35.1861812151471,138.91635317835,260
5728116278296576,35.1860527476664,138.916254276037,261
5728116278296576,35.1859002600214,138.916077368395,262
5728116278296576,35.1847450116347,138.91551784214,263
5728116278296576,35.1846294683887,138.915396303517,264
5728116278296576,35.184588229557,138.915299465352,265
5728116278296576,35.1844449017563,138.914881464383,266
5728116278296576,35.1844026153387,138.914796463763,267
5728116278296576,35.1841370013803,138.914633044013,268
5728116278296576,35.1831679143352,138.914221205863,269
5728116278296576,35.1829668687674,138.914134314277,270
5728116278296576,35.1822254418618,138.913964735203,271
5728116278296576,35.1820056733856,138.913890624502,272
5728116278296576,35.1793790566586,138.912791173523,273
5728116278296576,35.1792487953113,138.91272947524,274
5728116278296576,35.1792481507477,138.912698976579,275
5728116278296576,35.1792897515129,138.912515452916,276
5728116278296576,35.1794290741005,138.912273706118,277
5728116278296576,35.1794921994085,138.912200600804,278
5728116278296576,35.1796502830558,138.912074661994,279
5728116278296576,35.1796971574782,138.91198676526,280
5728116278296576,35.1796492354297,138.911914778472,281
5728116278296576,35.179581,138.91188,282
5728116278296576,35.1722946612143,138.908334934148,283
5728116278296576,35.1722571716592,138.908327625187,284
5728116278296576,35.1722244069561,138.908344029508,285
5728116278296576,35.1719723443556,138.909009905681,286
5728116278296576,35.1721554554716,138.909236326863,287
5728116278296576,35.1720691607296,138.909329751927,288
5709068098338816,35.1719777866813,138.909305746247,1
5709068098338816,35.1719622457551,138.90914529562,2
5709068098338816,35.172085026208,138.908767104149,3
5709068098338816,35.1722319240062,138.908332586288,4
5709068098338816,35.1722757740437,138.908305764198,5
5709068098338816,35.1723041624565,138.90831545243,6
5709068098338816,35.1736263436193,138.908930718899,7
5709068098338816,35.1742928502068,138.909247219563,8
5709068098338816,35.1749615437591,138.909563720226,9
5709068098338816,35.1757486219097,138.909939229488,10
5709068098338816,35.1766255802331,138.910354971886,11
5709068098338816,35.1797891287616,138.911857008934,12
5709068098338816,35.1806156211551,138.909909725189,13
5709068098338816,35.1806397361916,138.909837305546,14
5709068098338816,35.1809356928749,138.908482789993,15
5709068098338816,35.1810606520398,138.90794634819,16
5709068098338816,35.1811461503051,138.907659351826,17
5709068098338816,35.1812426097786,138.906983435154,18
5709068098338816,35.1813412613943,138.906044661999,19
5709068098338816,35.1813201421649,138.906012954038,20
5709068098338816,35.1811943800562,138.906028568745,21
5709068098338816,35.1805125841004,138.906307518482,22
5709068098338816,35.1801662032568,138.906575739384,23
5709068098338816,35.1794668602195,138.906256556511,24
5709068098338816,35.1792476291885,138.906178772449,25
5709068098338816,35.1790042820517,138.906103670597,26
5709068098338816,35.1785460859159,138.906210958958,27
5709068098338816,35.1776844948001,138.906669616699,28
5709068098338816,35.1771736743811,138.906811773777,29
5709068098338816,35.1765905020818,138.906819820404,30
5709068098338816,35.1752421741688,138.906489908695,31
5709068098338816,35.1749198876001,138.906412124634,32
5709068098338816,35.1743191595653,138.905996382236,33
5709068098338816,35.1736965024648,138.905789852142,34
5709068098338816,35.1731746946022,138.905746936798,35
5709068098338816,35.172804165137,138.905704021454,36
5709068098338816,35.1723853990342,138.90555113554,37
5709068098338816,35.17235908905,138.905465304852,38
5709068098338816,35.1724796764078,138.904904723167,39
5709068098338816,35.1725037938579,138.904684782028,40
5709068098338816,35.1725235263117,138.904247581959,41
5709068098338816,35.1724796764078,138.903743326664,42
5709068098338816,35.1723985540231,138.902863562107,43
5709068098338816,35.1723262015577,138.902305662632,44
5709068098338816,35.1723305865574,138.902227878571,45
5709068098338816,35.1722998915543,138.902198374271,46
5709068098338816,35.1720762561818,138.902182281017,47
5709068098338816,35.1715171650593,138.902182281017,48
5709068098338816,35.1710479640523,138.902276158333,49
5709068098338816,35.1708023998291,138.902273476124,50
5709068098338816,35.1704932509579,138.902227878571,51
5709068098338816,35.1698420611922,138.902083039284,52
5709068098338816,35.1694377737391,138.901939103075,53
5709068098338816,35.1693903911535,138.901865780354,54
5709068098338816,35.1693289989158,138.901669979095,55
5709068098338816,35.1692391030554,138.901578783989,56
5709068098338816,35.1660663733123,138.901600241661,57
5709068098338816,35.1659874372002,138.900873363018,58
5709068098338816,35.1659172717028,138.900723159313,59
5709068098338816,35.1658383354459,138.900618553162,60
5709068098338816,35.1657221235949,138.900524675846,61
5709068098338816,35.1654853140261,138.900361061096,62
5709068098338816,35.1652375403132,138.900210857391,63
5709068098338816,35.1650928225741,138.900167942047,64
5709068098338816,35.1648889016865,138.90015989542,65
5709068098338816,35.1642157398578,138.900192081928,66
5709068098338816,35.1640863693566,138.900162577629,67
5709068098338816,35.163889024128,138.90004992485,68
5709068098338816,35.1637903513341,138.900012373924,69
5709068098338816,35.1624396183867,138.899202346802,70
5709068098338816,35.1623584859858,138.899129927158,71
5709068098338816,35.161439710717,138.899226486683,72
5709068098338816,35.1605165394333,138.899325728416,73
5709068098338816,35.159431087111,138.899470567703,74
5709068098338816,35.1582754482143,138.898657858372,75
5709068098338816,35.1582293977474,138.898671269417,76
5709068098338816,35.1579311655208,138.898952901363,77
5709068098338816,35.1573346977876,138.899870216846,78
5709068098338816,35.1569991827658,138.900146484375,79
5709068098338816,35.1566176149809,138.900420069695,80
5709068098338816,35.155937805872,138.900943100452,81
5709068098338816,35.1557930715863,138.901171088219,82
5709068098338816,35.1556680735869,138.901887238026,83
5709068098338816,35.1556110568919,138.901940882206,84
5709068098338816,35.1547930822138,138.901782631874,85
5709068098338816,35.154350100537,138.901624381542,86
5709068098338816,35.1543062408339,138.901651203632,87
5709068098338816,35.1540847489716,138.902753591537,88
5709068098338816,35.1539443973805,138.904832303524,89
5709068098338816,35.1539772923064,138.904864490032,90
5709068098338816,35.1557250902421,138.905248045921,91
5709068098338816,35.156786469911,138.905559182167,92
5709068098338816,35.1572184737864,138.905883729458,93
5709068098338816,35.1575057441289,138.906283378601,94
5709068098338816,35.1576570540542,138.906629383564,95
5709068098338816,35.1577425769309,138.907090723515,96
5709068098338816,35.157796643671,138.907484321118,97
5709068098338816,35.1578302926085,138.907514512539,98
5709068098338816,35.1595275723484,138.907452821732,99
5709068098338816,35.1603827774043,138.90742868185,100
5709068098338816,35.1618190631002,138.907391130924,101
5709068098338816,35.1625689915073,138.907369673252,102
5709068098338816,35.1636938711532,138.907340168953,103
5709068098338816,35.1640008531497,138.907350897789,104
5709068098338816,35.1641696927538,138.907383084297,105
5709068098338816,35.1643714227304,138.907442092896,106
5709068098338816,35.1646696313443,138.907570838928,107
5709068098338816,35.1648077717288,138.907659351826,108
5709068098338816,35.1649546826738,138.90770226717,109
5709068098338816,35.1652002645565,138.907691538334,110
5709068098338816,35.1653493674806,138.907653987408,111
5709068098338816,35.1654962774473,138.907578885555,112
5709068098338816,35.1656738846646,138.907460868359,113
5709068098338816,35.1666737402793,138.906964659691,114
5709068098338816,35.1670311418258,138.906843960285,115
5709068098338816,35.1673113083335,138.906833419562,116
5709068098338816,35.1698025949781,138.907152414322,117
5709068098338816,35.1722165764874,138.908254802227,118
5709068098338816,35.1722582340315,138.908278942108,119
5709068098338816,35.1722582340315,138.908351361752,120
5709068098338816,35.1721135287866,138.90876442194,121
5709068098338816,35.1719885558678,138.909156024456,122
5709068098338816,35.1721534080964,138.909210978333,123
5709068098338816,35.1720487045664,138.909344778698,124
5709068098338816,35.1719777866813,138.909305746247,125
5643440998055936,35.1720147540924,138.909324220044,1
5643440998055936,35.1719454096451,138.909245710327,2
5643440998055936,35.1719178264601,138.909086624411,3
5643440998055936,35.1721449162777,138.908473672384,4
5643440998055936,35.1721950048023,138.90832700468,5
5643440998055936,35.1721743929727,138.908294341916,6
5643440998055936,35.1720047590577,138.908215685646,7
5643440998055936,35.1699941756623,138.907343243849,8
5643440998055936,35.1697116453989,138.907234565836,9
5643440998055936,35.169361,138.90715,10
5643440998055936,35.1676440046207,138.906925556456,11
5643440998055936,35.1674629825192,138.906939787944,12
5643440998055936,35.1673424442878,138.906892996512,13
5643440998055936,35.1671698141896,138.906874308716,14
5643440998055936,35.1670243913632,138.906868554068,15
5643440998055936,35.1668727431608,138.906906242844,16
5643440998055936,35.1664172686507,138.907117507566,17
5643440998055936,35.166165694989,138.907215949179,18
5643440998055936,35.1660684490247,138.907258362033,19
5643440998055936,35.1654483538174,138.907607938062,20
5643440998055936,35.1652737821825,138.90768440273,21
5643440998055936,35.1651597581242,138.907704999109,22
5643440998055936,35.16497,138.9077,23
5643440998055936,35.1648549814488,138.907658672221,24
5643440998055936,35.1645292346945,138.907521388714,25
5643440998055936,35.164249,138.90744,26
5643440998055936,35.1638598583747,138.907385309866,27
5643440998055936,35.163162,138.90741,28
5643440998055936,35.161316,138.907486,29
5643440998055936,35.1603092108321,138.907518925465,30
5643440998055936,35.159618,138.907532,31
5643440998055936,35.1588017855836,138.907559833811,32
5643440998055936,35.1583408596114,138.907568156059,33
5643440998055936,35.1579048778397,138.90758796649,34
5643440998055936,35.1578030832103,138.907585004257,35
5643440998055936,35.1577478450035,138.907547787507,36
5643440998055936,35.1577333906617,138.907476959665,37
5643440998055936,35.1576956879774,138.907164728093,38
5643440998055936,35.1576052281317,138.906778561005,39
5643440998055936,35.1575088299126,138.906509258508,40
5643440998055936,35.1574127820473,138.906315668849,41
5643440998055936,35.157259411788,138.906090514979,42
5643440998055936,35.1570421610447,138.905847568677,43
5643440998055936,35.1567336353172,138.905613788422,44
5643440998055936,35.1564191013136,138.905474423908,45
5643440998055936,35.156128,138.905396,46
5643440998055936,35.1547898258088,138.905108768782,47
5643440998055936,35.1544979765158,138.905033938192,48
5643440998055936,35.1540868122522,138.904924609735,49
5643440998055936,35.1539566333309,138.904884675229,50
5643440998055936,35.1539274197334,138.904779217778,51
5643440998055936,35.1539787523368,138.90377237698,52
5643440998055936,35.15401735682,138.902941697458,53
5643440998055936,35.1540660196591,138.9025685187,54
5643440998055936,35.1542437433937,138.901703834661,55
5643440998055936,35.1542592754991,138.901623149046,56
5643440998055936,35.1543099233698,138.901576495671,57
5643440998055936,35.1543550098273,138.901555860013,58
5643440998055936,35.1547026307298,138.90166310126,59
5643440998055936,35.1554115196746,138.901831182124,60
5643440998055936,35.1555866728332,138.901872125683,61
5643440998055936,35.155654082871,138.901797667088,62
5643440998055936,35.1557670172691,138.90133397499,63
5643440998055936,35.1557973898485,138.901186825817,64
5643440998055936,35.1558550943452,138.901036410894,65
5643440998055936,35.155943306999,138.900904232869,66
5643440998055936,35.1560604557866,138.900801357049,67
5643440998055936,35.1567981621395,138.900261875358,68
5643440998055936,35.1570629523023,138.900060930266,69
5643440998055936,35.1572643956506,138.899868510975,70
5643440998055936,35.1574574129541,138.899658222053,71
5643440998055936,35.1576208904383,138.899417869139,72
5643440998055936,35.1578766125288,138.899021923947,73
5643440998055936,35.1580946682433,138.898747668187,74
5643440998055936,35.1581956215751,138.898599498102,75
5643440998055936,35.1583049636407,138.898548526387,76
5643440998055936,35.158394,138.898575,77
5643440998055936,35.1589677482379,138.899012566519,78
5643440998055936,35.15921,138.899155,79
5643440998055936,35.159275,138.899185,80
5643440998055936,35.1595740828993,138.899413346518,81
5643440998055936,35.1596537355127,138.899437331289,82
5643440998055936,35.1597874062753,138.899430303217,83
5643440998055936,35.1600719288013,138.899411575143,84
5643440998055936,35.1619890162125,138.899153754524,85
5643440998055936,35.1622106102251,138.8991175017,86
5643440998055936,35.1623298106252,138.899112500049,87
5643440998055936,35.1624136197666,138.899166275138,88
5643440998055936,35.1625323673596,138.899285160578,89
5643440998055936,35.1627090066769,138.899407781184,90
5643440998055936,35.1630840713891,138.89960105124,91
5643440998055936,35.1641914818202,138.900168947074,92
5643440998055936,35.1643715607248,138.90022759184,93
5643440998055936,35.1645489023384,138.900230840836,94
5643440998055936,35.1646410749686,138.900198690084,95
5643440998055936,35.1648944587856,138.900164497308,96
5643440998055936,35.1649719509858,138.900163233685,97
5643440998055936,35.1651861442097,138.900213246704,98
5643440998055936,35.1653952926698,138.900323715868,99
5643440998055936,35.1659457250843,138.90075892358,100
5643440998055936,35.1659830431535,138.900818518379,101
5643440998055936,35.1660225764692,138.901214174532,102
5643440998055936,35.1660506102977,138.901301876909,103
5643440998055936,35.166089347805,138.901338813315,104
5643440998055936,35.166206152393,138.901349612716,105
5643440998055936,35.1664157477097,138.901327290133,106
5643440998055936,35.1665989877286,138.901346449623,107
5643440998055936,35.1670422293739,138.901349688415,108
5643440998055936,35.1683125974889,138.901345209806,109
5643440998055936,35.1692884218438,138.901328121155,110
5643440998055936,35.1693351235694,138.901364328891,111
5643440998055936,35.1693492958891,138.901726765173,112
5643440998055936,35.1693752365508,138.901816089166,113
5643440998055936,35.1694570406749,138.901911805019,114
5643440998055936,35.1697352825311,138.90201238907,115
5643440998055936,35.1701372632791,138.902158611277,116
5643440998055936,35.1707829496981,138.902301896317,117
5643440998055936,35.1713457609261,138.902307510804,118
5643440998055936,35.1717895779598,138.902137576973,119
5643440998055936,35.1719277051837,138.902115375962,120
5643440998055936,35.172081,138.90213,121
5643440998055936,35.1722019466042,138.902140093361,122
5643440998055936,35.1722672559419,138.902153371787,123
5643440998055936,35.1722794764767,138.902206734203,124
5643440998055936,35.1722742491795,138.902324965753,125
5643440998055936,35.1723438114913,138.903032229711,126
5643440998055936,35.1724521402755,138.90366326685,127
5643440998055936,35.1724952790407,138.90399610967,128
5643440998055936,35.1725376768663,138.904373615505,129
5643440998055936,35.1725291800152,138.904670499163,130
5643440998055936,35.1725080628356,138.9048522999,131
5643440998055936,35.1723661249037,138.905558953168,132
5643440998055936,35.1723782839313,138.905590487381,133
5643440998055936,35.1726452974203,138.905683538047,134
5643440998055936,35.1730034452016,138.90573486424,135
5643440998055936,35.1734488853784,138.905789922081,136
5643440998055936,35.1738088810218,138.905864389645,137
5643440998055936,35.1741416401468,138.90598403058,138
5643440998055936,35.1745308923756,138.906188735039,139
5643440998055936,35.1748744281158,138.906362971293,140
5643440998055936,35.1751589307738,138.906478107872,141
5643440998055936,35.1759422881849,138.906671003265,142
5643440998055936,35.1763349537768,138.906762467178,143
5643440998055936,35.1765914340693,138.90679671939,144
5643440998055936,35.1768056539353,138.90680174477,145
5643440998055936,35.1773844669131,138.906733366181,146
5643440998055936,35.1776091751023,138.906667403984,147
5643440998055936,35.1785357852154,138.906204955974,148
5643440998055936,35.1787331411728,138.906125851786,149
5643440998055936,35.1790342412682,138.906086881641,150
5643440998055936,35.1792112132115,138.906119842777,151
5643440998055936,35.1794592214908,138.906270234448,152
5643440998055936,35.179815683928,138.906389034484,153
5643440998055936,35.180045347353,138.906458219184,154
5643440998055936,35.1801034434881,138.906457081901,155
5643440998055936,35.1803818056996,138.906332132907,156
5643440998055936,35.1810461681045,138.906033054319,157
5643440998055936,35.1812754828474,138.905951070351,158
5643440998055936,35.1813578211516,138.905988442469,159
5643440998055936,35.1813684616616,138.906069620511,160
5643440998055936,35.1813619474616,138.906180662638,161
5643440998055936,35.1812529709214,138.90676935307,162
5643440998055936,35.1811082894723,138.907897975272,163
5643440998055936,35.1810132991414,138.908437982731,164
5643440998055936,35.1808687618959,138.909046915102,165
5643440998055936,35.1806668344239,138.90990171335,166
5643440998055936,35.180501548354,138.910349039722,167
5643440998055936,35.1801245795582,138.911350168128,168
5643440998055936,35.1799357457841,138.911793612556,169
5643440998055936,35.1798639100358,138.911905959959,170
5643440998055936,35.1797617652259,138.911968751829,171
5643440998055936,35.1796269208401,138.911911022501,172
5643440998055936,35.1793708359635,138.911776478064,173
5643440998055936,35.17225630811,138.908311305932,174
5643440998055936,35.172222898947,138.90836015993,175
5643440998055936,35.1720015035306,138.908953191826,176
5643440998055936,35.1719819102943,138.909056166813,177
5643440998055936,35.1721193095568,138.909160443876,178
5643440998055936,35.1720821588841,138.909283034611,179
5643440998055936,35.172043,138.909302,180
5747976207073280,35.172024208102,138.909334611629,1
5747976207073280,35.1719181190117,138.909196607306,2
5747976207073280,35.1719288113908,138.909066471215,3
5747976207073280,35.1722043657509,138.90832581373,4
5747976207073280,35.1721702686961,138.90828675201,5
5747976207073280,35.171635,138.908066,6
5747976207073280,35.1696413251488,138.907214768122,7
5747976207073280,35.1691495706722,138.907121120572,8
5747976207073280,35.167633868321,138.90692627021,9
5747976207073280,35.1674550100354,138.906937419317,10
5747976207073280,35.1673733906435,138.906901900771,11
5747976207073280,35.1672278842124,138.906875698753,12
5747976207073280,35.1670366696184,138.906873333703,13
5747976207073280,35.166798,138.906937,14
5747976207073280,35.1661122843144,138.907241734874,15
5747976207073280,35.1653433817594,138.907664907249,16
5747976207073280,35.1651764889705,138.907705972451,17
5747976207073280,35.1650197609225,138.907709220683,18
5747976207073280,35.164812521724,138.907635196057,19
5747976207073280,35.1646974830861,138.907613069898,20
5747976207073280,35.1645827431435,138.907800384991,21
5747976207073280,35.164506385768,138.908007949018,22
5747976207073280,35.1644458608431,138.908344641929,23
5747976207073280,35.1642060847913,138.910286180953,24
5747976207073280,35.164195887044,138.9105226206,25
5747976207073280,35.1642572239909,138.910620241062,26
5747976207073280,35.1648338311725,138.911372513898,27
5747976207073280,35.1650415126552,138.911686549748,28
5747976207073280,35.1653594336736,138.91225724881,29
5747976207073280,35.1656165916065,138.91274554677,30
5747976207073280,35.1657256361134,138.912956758848,31
5747976207073280,35.1658153802848,138.913261486387,32
5747976207073280,35.165833103752,138.91350899273,33
5747976207073280,35.1658113601671,138.914110896357,34
5747976207073280,35.1658276443263,138.914472388354,35
5747976207073280,35.1657867710787,138.91482166405,36
5747976207073280,35.1657533331412,138.915808082641,37
5747976207073280,35.1657671216625,138.916083900837,38
5747976207073280,35.1658038443709,138.916315288967,39
5747976207073280,35.1658959125153,138.916604925225,40
5747976207073280,35.166070248361,138.916883518896,41
5747976207073280,35.1662433996725,138.917071588778,42
5747976207073280,35.1664775670825,138.917246742191,43
5747976207073280,35.1666801337726,138.917306395225,44
5747976207073280,35.1669148124299,138.917340630157,45
5747976207073280,35.1679596817646,138.917386515143,46
5747976207073280,35.1684484365028,138.917412004684,47
5747976207073280,35.1688202540708,138.917425352386,48
5747976207073280,35.1691129541797,138.917455331833,49
5747976207073280,35.1692120455613,138.917479149553,50
5747976207073280,35.1694019006331,138.917590304973,51
5747976207073280,35.1694864087417,138.91767153192,52
5747976207073280,35.1696148406429,138.917872540804,53
5747976207073280,35.1696800773057,138.918034405363,54
5747976207073280,35.1698639904768,138.918747729869,55
5747976207073280,35.1699254225394,138.9189394877,56
5747976207073280,35.1700133804165,138.919130111715,57
5747976207073280,35.1702026513793,138.91936947391,58
5747976207073280,35.170452122444,138.919583847462,59
5747976207073280,35.1709477138937,138.91998809272,60
5747976207073280,35.1713145730228,138.92020772035,61
5747976207073280,35.1715181834672,138.920280968625,62
5747976207073280,35.1717274549647,138.920314160715,63
5747976207073280,35.1720958606602,138.920354133664,64
5747976207073280,35.1723604901137,138.920363093309,65
5747976207073280,35.1725063154479,138.920359503687,66
5747976207073280,35.1726465743315,138.920331462095,67
5747976207073280,35.1726933310499,138.920382100759,68
5747976207073280,35.1726883022057,138.920518080066,69
5747976207073280,35.1730095142198,138.922284326266,70
5747976207073280,35.1730748236682,138.922724396601,71
5747976207073280,35.1731207069215,138.922795478757,72
5747976207073280,35.173522811715,138.923282221315,73
5747976207073280,35.1744130902784,138.924399829814,74
5747976207073280,35.1749808869139,138.92501821911,75
5747976207073280,35.1754604953533,138.925692872759,76
5747976207073280,35.1755825751465,138.925904447576,77
5747976207073280,35.1757552835599,138.92629241171,78
5747976207073280,35.1763847006567,138.927632444319,79
5747976207073280,35.1764931735909,138.927842828273,80
5747976207073280,35.1765481691669,138.927921045933,81
5747976207073280,35.1768801671953,138.92808236822,82
5747976207073280,35.1769458828898,138.928118433826,83
5747976207073280,35.1769781906356,138.928220368633,84
5747976207073280,35.17708964015,138.92886643981,85
5747976207073280,35.1772604759985,138.929353947381,86
5747976207073280,35.177292898406,138.929439567462,87
5747976207073280,35.1773615072932,138.929507543468,88
5747976207073280,35.1777520953353,138.929718296643,89
5747976207073280,35.1778162690146,138.929836983021,90
5747976207073280,35.1782518377888,138.930833657326,91
5747976207073280,35.1789513133019,138.932549705738,92
5747976207073280,35.1799501988624,138.934951181153,93
5747976207073280,35.1799395344776,138.935005956132,94
5747976207073280,35.1794605165142,138.935367990168,95
5747976207073280,35.1793975919762,138.9353635529,96
5747976207073280,35.1793438555736,138.935332815906,97
5747976207073280,35.1787039447108,138.933741228209,98
5747976207073280,35.1783713174216,138.933190463458,99
5747976207073280,35.1783487313677,138.933128671848,100
5747976207073280,35.1783798208925,138.933085720638,101
5747976207073280,35.1789689956518,138.932740632342,102
5747976207073280,35.1789690139719,138.932659525039,103
5747976207073280,35.1784802043306,138.931462136009,104
5747976207073280,35.1777566860637,138.929765662385,105
5747976207073280,35.1777091851086,138.929724525467,106
5747976207073280,35.1773548853146,138.929545222827,107
5747976207073280,35.1772964170117,138.929488322839,108
5747976207073280,35.1772518970462,138.929416956928,109
5747976207073280,35.1770594968652,138.928847762222,110
5747976207073280,35.1770133067128,138.928583535489,111
5747976207073280,35.1769603044483,138.928234249253,112
5747976207073280,35.1769115406397,138.928133747653,113
5747976207073280,35.1765054818353,138.927918983243,114
5747976207073280,35.1764453003863,138.927824872173,115
5747976207073280,35.1759009110055,138.926683960453,116
5747976207073280,35.1756022660734,138.926000612558,117
5747976207073280,35.1754611563085,138.925738703637,118
5747976207073280,35.1749102392797,138.924984344491,119
5747976207073280,35.1744963445784,138.92454128656,120
5747976207073280,35.1738451446631,138.923733080949,121
5747976207073280,35.1731289961889,138.92284852182,122
5747976207073280,35.1730583809696,138.922748031928,123
5747976207073280,35.1730438896056,138.922626343103,124
5747976207073280,35.1728688295636,138.921585909573,125
5747976207073280,35.1726491528247,138.920457949838,126
5747976207073280,35.1726770986539,138.920361104503,127
5747976207073280,35.1727686180502,138.920274674314,128
5747976207073280,35.1736000153864,138.919769646245,129
5747976207073280,35.1739542053377,138.919554419335,130
5747976207073280,35.1741419576346,138.919450810283,131
5747976207073280,35.1742931801938,138.919375537153,132
5747976207073280,35.1744097005686,138.919331150094,133
5747976207073280,35.1745279222412,138.919308283743,134
5747976207073280,35.1746722887923,138.91929749119,135
5747976207073280,35.1748279667143,138.919329002789,136
5747976207073280,35.1752386925913,138.9194675683,137
5747976207073280,35.1759072794519,138.91968671086,138
5747976207073280,35.1762068781867,138.91980622825,139
5747976207073280,35.1764266764742,138.919903299562,140
5747976207073280,35.1769233342823,138.920102305689,141
5747976207073280,35.1771861320407,138.920175992627,142
5747976207073280,35.1774216322816,138.92020928664,143
5747976207073280,35.1780447350975,138.920251532946,144
5747976207073280,35.1783009262385,138.920250566207,145
5747976207073280,35.1784742982612,138.920227374159,146
5747976207073280,35.1785185662257,138.92021022544,147
5747976207073280,35.1785322498886,138.920127089473,148
5747976207073280,35.1784998643647,138.919204400443,149
5747976207073280,35.1784448800608,138.918793446785,150
5747976207073280,35.1784451866313,138.91866131571,151
5747976207073280,35.178524,138.917862,152
5747976207073280,35.178547,138.917145,153
5747976207073280,35.17857,138.916672,154
5747976207073280,35.1788802068173,138.914264072205,155
5747976207073280,35.1792077704583,138.912895805954,156
5747976207073280,35.1793134261959,138.912468458981,157
5747976207073280,35.1793826305118,138.912352147696,158
5747976207073280,35.179474539956,138.912210108733,159
5747976207073280,35.1796478962147,138.912077834137,160
5747976207073280,35.1796991139409,138.912002850841,161
5747976207073280,35.1796887667869,138.911939779026,162
5747976207073280,35.1791287495423,138.911654115273,163
5747976207073280,35.172318591166,138.908352959525,164
5747976207073280,35.1722538346003,138.908327192317,165
5747976207073280,35.1722272506996,138.908352956123,166
5747976207073280,35.1719680366372,138.909047588253,167
5747976207073280,35.1721419991866,138.909234784628,168
5747976207073280,35.1720477645244,138.909321665385,169
5661458385862656,35.1720252273559,138.909373587419,1
5661458385862656,35.1719227389896,138.909195041356,2
5661458385862656,35.1719093996597,138.90913574574,3
5661458385862656,35.1719323624895,138.909038875941,4
5661458385862656,35.172190845695,138.908365625884,5
5661458385862656,35.1722328293691,138.908298161315,6
5661458385862656,35.172269321053,138.908299969794,7
5661458385862656,35.173134,138.908722,8
5661458385862656,35.1740885833838,138.909180270413,9
5661458385862656,35.17450098118,138.909383527211,10
5661458385862656,35.1752792288607,138.909759207565,11
5661458385862656,35.1756367131251,138.909924808516,12
5661458385862656,35.1763204555553,138.910259407215,13
5661458385862656,35.1779235369807,138.911034618249,14
5661458385862656,35.1789955888489,138.911557529093,15
5661458385862656,35.1793507638728,138.911727797518,16
5661458385862656,35.179495710292,138.911815555501,17
5661458385862656,35.1797523420208,138.911937254661,18
5661458385862656,35.1797940628401,138.911994940818,19
5661458385862656,35.1796053806427,138.912140136237,20
5661458385862656,35.1794825122454,138.912247594261,21
5661458385862656,35.1794239355386,138.912331092081,22
5661458385862656,35.179339930138,138.912471863755,23
5661458385862656,35.1793057939588,138.912586891725,24
5661458385862656,35.1792950706253,138.912704281387,25
5661458385862656,35.1793300900313,138.912736374327,26
5661458385862656,35.1805,138.913223,27
5661458385862656,35.1820171841552,138.913867443413,28
5661458385862656,35.1821702975413,138.913920649161,29
5661458385862656,35.1829736721673,138.914105262383,30
5661458385862656,35.183108789928,138.914165543537,31
5661458385862656,35.183796,138.914459,32
5661458385862656,35.1840622494833,138.914572109166,33
5661458385862656,35.1843496681911,138.914735583434,34
5661458385862656,35.1844301692046,138.914804090104,35
5661458385862656,35.1845510186275,138.915144585231,36
5661458385862656,35.1846516905817,138.915387609457,37
5661458385862656,35.1847705886156,138.915505673445,38
5661458385862656,35.1850476012882,138.915638850078,39
5661458385862656,35.1857521137004,138.915980958328,40
5661458385862656,35.1859530039906,138.916103170427,41
5661458385862656,35.1860673890567,138.916238541457,42
5661458385862656,35.1861749994085,138.916318304313,43
5661458385862656,35.1866840038146,138.91655799519,44
5661458385862656,35.1868579148495,138.916641052208,45
5661458385862656,35.186981,138.916656,46
5661458385862656,35.1876747339617,138.916567675114,47
5661458385862656,35.188020131362,138.91652029901,48
5661458385862656,35.1882092264167,138.916534025035,49
5661458385862656,35.1883958577738,138.916591619185,50
5661458385862656,35.1887781674454,138.91674803591,51
5661458385862656,35.1891395066042,138.916948334727,52
5661458385862656,35.1892705952907,138.917029769825,53
5661458385862656,35.1894510065256,138.917192672263,54
5661458385862656,35.1900292611934,138.917854527554,55
5661458385862656,35.1903645114908,138.917990993476,56
5661458385862656,35.1905755841546,138.918059223461,57
5661458385862656,35.1907060113822,138.918068752273,58
5661458385862656,35.1911374231624,138.918015552235,59
5661458385862656,35.1913344340843,138.918013571105,60
5661458385862656,35.1917234247501,138.918138656265,61
5661458385862656,35.1920397293202,138.91823084947,62
5661458385862656,35.1922,138.918213,63
5661458385862656,35.1927987376676,138.918126592127,64
5661458385862656,35.1929005716648,138.918102948603,65
5661458385862656,35.1929611748512,138.918116091949,66
5661458385862656,35.192978,138.918213,67
5661458385862656,35.1929270438144,138.918901207791,68
5661458385862656,35.192909211356,138.919346748465,69
5661458385862656,35.1928791800192,138.919896637647,70
5661458385862656,35.1928376549122,138.920408450661,71
5661458385862656,35.1928298117161,138.920774037886,72
5661458385862656,35.1928141847826,138.920949766256,73
5661458385862656,35.1927654879546,138.921059915586,74
5661458385862656,35.1927306778212,138.921170901926,75
5661458385862656,35.19275027169,138.921271764326,76
5661458385862656,35.1928938925619,138.921747147494,77
5661458385862656,35.1929176407538,138.921947452311,78
5661458385862656,35.1929287662092,138.922061512781,79
5661458385862656,35.1929539940913,138.922098891726,80
5661458385862656,35.1930160596637,138.922102095649,81
5661458385862656,35.1931458308301,138.922124591455,82
5661458385862656,35.1933110077296,138.922202481831,83
5661458385862656,35.1938714541688,138.922544005786,84
5661458385862656,35.1940403496585,138.922636816889,85
5661458385862656,35.1941176450447,138.92263351617,86
5661458385862656,35.194180815407,138.922555654695,87
5661458385862656,35.1945111323603,138.921785755785,88
5661458385862656,35.194717,138.92128,89
5661458385862656,35.1947939476159,138.921110644863,90
5661458385862656,35.1950161568994,138.9205696085,91
5661458385862656,35.1950950661469,138.920296579856,92
5661458385862656,35.1952249118782,138.919734908544,93
5661458385862656,35.1952816445957,138.919304976056,94
5661458385862656,35.1953068095836,138.918694703046,95
5661458385862656,35.1953035698824,138.91808653544,96
5661458385862656,35.1953033455681,138.917314499471,97
5661458385862656,35.1952980923808,138.916642475314,98
5661458385862656,35.1952972273459,138.915452856601,99
5661458385862656,35.19529,138.914566,100
5661458385862656,35.1952799779282,138.914327580491,101
5661458385862656,35.1953011743243,138.91417913678,102
5661458385862656,35.1953011806511,138.913742083746,103
5661458385862656,35.1953313710381,138.913581968597,104
5661458385862656,35.1954284024082,138.913503341116,105
5661458385862656,35.1956669181303,138.913517492094,106
5661458385862656,35.1959923208305,138.913565082624,107
5661458385862656,35.196323765343,138.913656741293,108
5661458385862656,35.1965069700323,138.913743897518,109
5661458385862656,35.197845333399,138.914430339703,110
5661458385862656,35.1979165804786,138.914456055632,111
5661458385862656,35.1979664403334,138.914350455264,112
5661458385862656,35.1980352820204,138.913854496167,113
5661458385862656,35.1980761014475,138.913855892804,114
5661458385862656,35.1980545322225,138.914000962254,115
5661458385862656,35.1979978522027,138.914358658456,116
5661458385862656,35.1979390772826,138.914489051626,117
5661458385862656,35.1978381775467,138.914479217513,118
5661458385862656,35.196633063199,138.913839121944,119
5661458385862656,35.1964181405535,138.913732442977,120
5661458385862656,35.1961800715365,138.913647649316,121
5661458385862656,35.1958821046587,138.913598274089,122
5661458385862656,35.1957579608199,138.913569584796,123
5661458385862656,35.1954664910174,138.913545142354,124
5661458385862656,35.1953233212394,138.913539342468,125
5661458385862656,35.19527241847,138.913496125118,126
5661458385862656,35.1952760696675,138.912878190257,127
5661458385862656,35.1952805161847,138.912055726345,128
5661458385862656,35.1953035580506,138.911438257601,129
5661458385862656,35.1953412028186,138.911147084028,130
5661458385862656,35.1954,138.910873,131
5661458385862656,35.1955648242844,138.910222421205,132
5661458385862656,35.1956571253056,138.909988761256,133
5661458385862656,35.1957308376911,138.909712502168,134
5661458385862656,35.1957824035589,138.909545226808,135
5661458385862656,35.1958747374893,138.90928816016,136
5661458385862656,35.1960310364005,138.909227460163,137
5661458385862656,35.1964708880484,138.909249011809,138
5661458385862656,35.196674,138.909271,139
5661458385862656,35.196935821132,138.909307885958,140
5661458385862656,35.1973139711902,138.909419843597,141
5661458385862656,35.1976549438826,138.909567969625,142
5661458385862656,35.1980578067366,138.909794534006,143
5661458385862656,35.1984039985114,138.91005095155,144
5661458385862656,35.1992350737216,138.91075419015,145
5661458385862656,35.2002868738439,138.91165503867,146
5661458385862656,35.2003503429722,138.911670710112,147
5661458385862656,35.2003877994522,138.911641972567,148
5661458385862656,35.2004372968264,138.911332694027,149
5661458385862656,35.200483467138,138.911031704193,150
5661458385862656,35.2005008377548,138.910822585332,151
5661458385862656,35.2004679436572,138.910599856887,152
5661458385862656,35.2004505602649,138.91044311709,153
5661458385862656,35.2004542933097,138.910322769846,154
5661458385862656,35.2004774527655,138.910157216088,155
5661458385862656,35.2005686977493,138.909745452415,156
5661458385862656,35.200726,138.909103,157
5661458385862656,35.2008148839493,138.908737869224,158
5661458385862656,35.2008383148437,138.908513186567,159
5661458385862656,35.2008373013231,138.908326821919,160
5661458385862656,35.2008194240914,138.908031140355,161
5661458385862656,35.2008322476003,138.907613163728,162
5661458385862656,35.2008590574409,138.907002939222,163
5661458385862656,35.2008526858634,138.906795210598,164
5661458385862656,35.2007845160153,138.906449887318,165
5661458385862656,35.2007569057225,138.906320333603,166
5661458385862656,35.2008024785128,138.906213883421,167
5661458385862656,35.2008764218158,138.906144882058,168
5661458385862656,35.2009535703966,138.906063281712,169
5661458385862656,35.2011013569764,138.905811981143,170
5661458385862656,35.2011580936025,138.905622915773,171
5661458385862656,35.201176,138.905441,172
5661458385862656,35.201183,138.905334,173
5661458385862656,35.2012026735595,138.905228826072,174
5661458385862656,35.201267,138.90506,175
5661458385862656,35.2015421294946,138.904556678371,176
5661458385862656,35.201675441929,138.904360672269,177
5661458385862656,35.2017487373776,138.904301131996,178
5661458385862656,35.2018225238733,138.904218802918,179
5661458385862656,35.2018594597894,138.904122304783,180
5661458385862656,35.2019306605692,138.903969964174,181
5661458385862656,35.2019038734723,138.903929320864,182
5661458385862656,35.2018134514406,138.903866022335,183
5661458385862656,35.2016220426179,138.903794254798,184
5661458385862656,35.2012804356372,138.903622543912,185
5661458385862656,35.2008079628667,138.903388793438,186
5661458385862656,35.2004361814022,138.903191833004,187
5661458385862656,35.2002711389158,138.903100331279,188
5661458385862656,35.200176250553,138.903028325269,189
5661458385862656,35.1998708088425,138.902742819651,190
5661458385862656,35.1998092177612,138.902692630123,191
5661458385862656,35.1995867744801,138.902703134422,192
5661458385862656,35.199032790074,138.902743130737,193
5661458385862656,35.1986544524067,138.902807653786,194
5661458385862656,35.1985013970162,138.902856064834,195
5661458385862656,35.1984140662596,138.90290347514,196
5661458385862656,35.1983117059576,138.902955166415,197
5661458385862656,35.1982667361851,138.903030920603,198
5661458385862656,35.1982160995286,138.903135497101,199
5661458385862656,35.198180921735,138.903159295748,200
5661458385862656,35.1981291030774,138.903200914262,201
5661458385862656,35.198097214438,138.90353798704,202
5661458385862656,35.1980307284992,138.903913372712,203
5661458385862656,35.1979303539166,138.904264692335,204
5661458385862656,35.1978185345931,138.904550996603,205
5661458385862656,35.1977011928384,138.904804688981,206
5661458385862656,35.1973304824423,138.905445622754,207
5661458385862656,35.1968947421012,138.906199104356,208
5661458385862656,35.1967303771854,138.90652376854,209
5661458385862656,35.1965864277634,138.90688055143,210
5661458385862656,35.196453,138.907303,211
5661458385862656,35.1963992341662,138.907423799687,212
5661458385862656,35.1963054802351,138.907725321989,213
5661458385862656,35.1962345575849,138.907931476215,214
5661458385862656,35.1961646215421,138.90798347299,215
5661458385862656,35.1958410482072,138.908127502183,216
5661458385862656,35.1956684703001,138.908184657719,217
5661458385862656,35.195491836759,138.908192356609,218
5661458385862656,35.1952646419667,138.908133951423,219
5661458385862656,35.1946733750815,138.907907895227,220
5661458385862656,35.1942184550658,138.907732008749,221
5661458385862656,35.1937826637879,138.907572851286,222
5661458385862656,35.1935831337483,138.907509011531,223
5661458385862656,35.1934144124554,138.907491633531,224
5661458385862656,35.1925398561704,138.907539150184,225
5661458385862656,35.1923322269311,138.90748913716,226
5661458385862656,35.1921890899186,138.907420691495,227
5661458385862656,35.1919956943159,138.907294499379,228
5661458385862656,35.1918486542512,138.90716869971,229
5661458385862656,35.19144106549,138.906645584822,230
5661458385862656,35.1913101283535,138.906522128848,231
5661458385862656,35.1911899737696,138.906489359089,232
5661458385862656,35.1910947796396,138.90650217816,233
5661458385862656,35.1909746179306,138.906556899983,234
5661458385862656,35.1907476875326,138.906697029602,235
5661458385862656,35.1906027662962,138.906805253969,236
5661458385862656,35.1901982962647,138.907016100801,237
5661458385862656,35.1900664603956,138.907060777052,238
5661458385862656,35.1899990058403,138.907029210324,239
5661458385862656,35.1896085463537,138.906393223854,240
5661458385862656,35.1890649507336,138.905509439612,241
5661458385862656,35.1885659079944,138.904815294057,242
5661458385862656,35.188198,138.904282,243
5661458385862656,35.1880171829628,138.904007900422,244
5661458385862656,35.1876911015173,138.903572352153,245
5661458385862656,35.1874085971461,138.903208718573,246
5661458385862656,35.1872715415026,138.903049380221,247
5661458385862656,35.1870906220105,138.902859497668,248
5661458385862656,35.1869959099824,138.902769996292,249
5661458385862656,35.1869393706617,138.902770416304,250
5661458385862656,35.186899896422,138.90282828386,251
5661458385862656,35.18685983317,138.902857610408,252
5661458385862656,35.1867896817982,138.902841234568,253
5661458385862656,35.1863356844928,138.902460891627,254
5661458385862656,35.1862766171655,138.902448554843,255
5661458385862656,35.1862220564964,138.902480603162,256
5661458385862656,35.1859175154413,138.902882335074,257
5661458385862656,35.1857166217132,138.90323085336,258
5661458385862656,35.1853009573621,138.904266826216,259
5661458385862656,35.1852262621285,138.904413469893,260
5661458385862656,35.1851504324902,138.904466704571,261
5661458385862656,35.185055530319,138.90444707499,262
5661458385862656,35.1845946486086,138.904107085854,263
5661458385862656,35.1838399533441,138.903692066299,264
5661458385862656,35.1831433169102,138.903413208025,265
5661458385862656,35.1830448699595,138.903430646789,266
5661458385862656,35.182945036362,138.903516401109,267
5661458385862656,35.1827756458693,138.903627646181,268
5661458385862656,35.1826217802072,138.903663312094,269
5661458385862656,35.1824671107658,138.903635589615,270
5661458385862656,35.1821999032139,138.903487676275,271
5661458385862656,35.1819926878462,138.903395186697,272
5661458385862656,35.1817623921874,138.903303497472,273
5661458385862656,35.181572,138.903198,274
5661458385862656,35.1814790228513,138.903149480633,275
5661458385862656,35.181435,138.903137,276
5661458385862656,35.181380702476,138.903182194382,277
5661458385862656,35.1813400858061,138.903876258192,278
5661458385862656,35.1813382576886,138.904355844999,279
5661458385862656,35.181366,138.905045,280
5661458385862656,35.1813694923407,138.905846219092,281
5661458385862656,35.181367540089,138.905937247385,282
5661458385862656,35.1813335469279,138.905994256854,283
5661458385862656,35.1811626632458,138.906043127714,284
5661458385862656,35.18068975478,138.906231059911,285
5661458385862656,35.1801425614838,138.906471055562,286
5661458385862656,35.180047313084,138.906492338008,287
5661458385862656,35.1796130603948,138.906368896693,288
5661458385862656,35.1793676359728,138.906255109942,289
5661458385862656,35.1792190389421,138.906156915362,290
5661458385862656,35.1790177813266,138.906118098892,291
5661458385862656,35.1787301433223,138.906158145638,292
5661458385862656,35.1785353543052,138.906243936445,293
5661458385862656,35.1776648807751,138.906677020867,294
5661458385862656,35.1774120995054,138.906766707123,295
5661458385862656,35.1768364457227,138.906839373019,296
5661458385862656,35.1765920229056,138.906841521117,297
5661458385862656,35.1761789209432,138.906764248096,298
5661458385862656,35.1751992869921,138.906530747865,299
5661458385862656,35.1747275047249,138.906325224474,300
5661458385862656,35.1741854120723,138.906046195034,301
5661458385862656,35.1739528817844,138.905943412139,302
5661458385862656,35.1737650122851,138.905886485371,303
5661458385862656,35.1734882744676,138.905832097496,304
5661458385862656,35.1733206346203,138.905808677967,305
5661458385862656,35.173235725549,138.905818327597,306
5661458385862656,35.1731977911817,138.905857800368,307
5661458385862656,35.1728288778756,138.906801787128,308
5661458385862656,35.1725026303436,138.907655310711,309
5661458385862656,35.172249387711,138.908290080218,310
5661458385862656,35.1719970562267,138.908950761124,311
5661458385862656,35.1719808195219,138.909009959619,312
5661458385862656,35.1721559581095,138.909274876256,313
5661458385862656,35.1720531987406,138.90935390616,314
